Iteration : 0
Precision: 0.6153846153846154 Recoil : 0.3010752688172043 F1_Score : 0.404332129963899

Iteration : 1
Precision: 0.5038759689922481 Recoil : 0.34946236559139787 F1_Score : 0.41269841269841273

